18.03336215722372
19.03048333051342
33.04524515990594
35.06140597393844
35.07013615807989
36.04483548322059
36.05479379565635
36.06807368512835
36.13229428822731
37.02840890845651
37.04186689063171
37.05084023719782
38.04908987843508
44.05020783205433
44.97973190359571
45.04526098988062
45.99266889101189
46.04142350051391
46.06643588292471
47.02446689154111
47.06112214842241
48.00767882433215
48.04471522812572
49.07591281889172
50.01504652944737
50.04763416069334
50.06067218479956
50.07240785833789
51.00518854824582
51.02361603707845
51.03151455112941
51.05521376109544
52.03959449976111
52.08746423367769
53.07095847445858
53.0830418261145
53.10049798451237
53.10855564089879
53.17707040150916
54.05552125709356
54.06771617139825
54.07449171811131
54.08533347584428
54.09346550732987
54.10159815011764
54.11244262474916
54.12871137437045
54.1626124562831
54.17481944380595
54.18431471834933
54.19516747952161
54.20466453702971
54.27524015535514
54.30511289302213
55.03956225674379
55.05186766391841
55.0600720328292
55.07511496351996
56.04903435598782
56.06007227379965
56.96470701235631
57.04401566887452
57.05515112334606
58.06460079120286
59.06024004027773
60.04434939476182
60.05577392724437
60.08148309879427
61.00779856670164
61.03946968747409
61.07546957355483
62.01519173434332
62.04276845627292
62.06018849167572
63.0235190474858
63.05570906192952
63.08937104631687
64.05177628002137
64.0591509028756
64.07685172974865
65.03484135013262
65.0601084770561
65.07200058778758
66.0179061563938
68.05023809615568
68.0578394102368
68.07000239575869
68.08216646803999
68.99450765684787
69.04503103787617
69.06647078614729
70.03933090430192
70.06555208714921
70.09794973534412
71.04850554499129
71.06093288474688
71.08268334433406
72.04456267661755
72.06489871356959
73.0507034859606
73.07590701525194
74.06064940322729
74.09713040764025
75.05517552331408
75.09988553028768
76.0386569516309
76.075621852665
77.07059815501668
78.06715391069632
79.0209581083286
79.050448183892
79.06847260514458
80.04978888211596
80.07122490640783
80.08276856966967
81.00066436886503
81.05208845925296
81.06536184123242
82.06563219162594
82.08566676647342
83.04684309734827
83.06027881401904
84.04571092590986
84.08119345963891
85.04035306281156
85.06584647995919
85.07604491659708
86.0613602332006
86.0955557328776
87.0557873759113
87.06610440517302
87.09189965277447
88.03863462003281
88.05073896626253
88.07667965284209
89.03395424956838
89.07221371359961
90.05585332683262
90.06634661489099
90.0908333309802
91.05016970499032
91.08710107583936
92.05348137128588
92.0711634241294
92.10653262400136
92.99474722951015
93.06584629754312
93.10318418434512
94.0497879332478
94.06408599353402
94.08732265935332
95.04609001814416
95.05866685002088
95.0910110954855
96.04583535925627
96.07654074928077
97.02902662545232
97.05081115468778
97.06351992595276
97.0744138207096
98.06101740443862
98.09751887180192
99.056277529992
99.08012279807818
99.99389777792686
100.0381298955009
100.0749974649505
100.1118718266465
101.0359383491597
101.06002070061
101.0692839076032
101.10634098073
102.0554529678178
102.0647616828626
102.0908283434098
102.1262098490042
103.0501513680605
103.087569788701
104.0459142047646
104.0703526227569
104.1079557925022
105.0653536084403
105.1031360934932
106.0612927117809
106.0859666679012
107.0447692693242
107.0809989736807
107.1172348080398
108.0442775297014
108.0653495640355
108.1017515537245
109.0619018857619
109.1003961982478
110.0456285821543
110.0630281232611
111.0648439670988
111.0900931925362
112.0419367024642
112.0614441715542
112.075100410264
113.0703339820704
113.0958101364634
114.0286376773221
114.0542215567445
114.0916185426232
115.0067950829611
115.0502778524723
115.0858607769124
115.1214492030721
116.0447089517075
116.0705179941013
116.106258328854
117.0653512348225
117.1032386208983
118.0504132320251
118.0584225001873
118.0864570783126
118.1225064263197
119.0456343910079
119.0818298402372
119.1180307911863
120.0652251808144
120.1015752894965
121.0688855702269
121.0972753149216
121.1337813056609
122.0441473575951
122.0807957817434
122.1174497076114
123.0478509587594
123.07647177568
123.1132748592811
124.0392448618775
124.0720861365117
124.0967199452309
125.0552240496456
125.0717112509784
125.1046889139222
126.0546557614253
126.07534711908
126.0919014278083
127.0393705468335
127.0871487212741
127.1120800303899
128.0696236288622
128.1071657768048
129.066349442873
129.1019434674118
130.0501256103531
130.0858550213453
130.1215893397355
130.1594310257487
130.9912308685654
131.0566234855677
131.0819411376643
131.1178119971898
131.1621298342225
132.0394709452675
132.0648833492028
132.1008884404997
132.1390168272377
133.0259900387153
133.0600001231269
133.0982666641587
133.1322859860256
134.0567182488419
134.0801901197089
134.1164688706172
135.0785729858552
135.1128444359121
135.1471202330068
136.0226218143045
136.0613119877504
136.0957078717631
136.1107574379583
136.1301081028137
137.0238827146499
137.0562425835892
137.092921720448
137.129605764705
138.015824995027
138.0526323015773
138.0894445155256
139.0700161651204
139.0917494533881
140.0693238726976
140.1064039728479
141.0656426535108
141.1247459350093
142.050117061329
142.0852617225958
142.1226076882547
143.0490351395256
143.0798944092023
143.1063478607585
144.0647244433744
144.1001174291732
144.1377272396473
145.0662494941929
145.0973255723779
145.1372854204617
146.0534260862562
146.0801529936564
146.115792673848
146.1536645971145
147.0439501690839
147.07523735029
147.1154686165439
147.1512343608305
148.0647295955228
148.0961251809831
148.1320099254283
148.1678990169115
149.0665390912596
149.0890399033816
149.1295456443166
149.1655553660975
150.0491514556489
150.076241476547
150.1123653080691
150.1484934866289
151.071230795287
151.1097395256239
152.0649625021586
152.0922338760381
152.1285995115355
153.0482724433274
153.0893124623719
153.1303579831361
154.0301770412665
154.0850735292232
154.1216766216582
154.1582840611309
155.0794726552998
155.116193661134
156.0655589115522
156.1000939974327
156.1369356335647
157.0593893241373
157.0963439832511
158.0447900402582
158.0818604392524
158.1166178863026
158.1513791539915
159.0495407315614
159.0751070425781
159.11229807187
159.154143175892
160.0621380741969
160.0947807840368
160.1320908134873
160.1694051899757
161.0592379986402
161.0896432353753
161.1317475315237
161.1691781912721
162.0735103157944
162.1110501948664
162.1485944209763
163.0721391814564
163.1074409421605
163.1451003647709
163.1780559254845
164.0643931462895
164.0903593677994
164.1257711628967
164.1635479555267
165.0525539858259
165.0857016312704
165.1259568179883
166.072178985083
166.1054288538373
166.1196798164262
166.1434327791902
167.071122815055
167.104472529833
167.142590564927
168.0635056196634
168.1017328740811
168.135185287626
169.0827891857531
169.1211321800511
170.0811198247754
170.1147686021666
170.1532284231045
171.0775682369413
171.1113154339842
171.1547095777428
172.0624228133485
172.0962670036715
172.1325323294445
172.1688014758561
173.0549525878061
173.0937433269933
173.1301135929747
173.1713378464811
174.0746501269547
174.1111232954706
174.147600284625
174.1840810944182
175.072958405121
175.107097378942
175.1461174243711
175.1851418168379
176.0887934784399
176.1279227431927
176.1621644157808
177.0609725786542
177.0879476355559
177.122282497766
177.1615264156396
177.1958684097086
178.0702546022747
178.1046845559358
178.1391178377976
178.1784742352732
179.0651424265841
179.1046009794472
180.0875314469653
180.1369959167713
180.1567836065227
181.0458748076834
181.083071095742
182.0465426587326
182.0813548800266
182.1509893072169
184.0811541720507
184.1311640592505
184.166175021677
185.0826424428816
186.0767921119698
186.1119875518113
186.1471863198535
186.1823884160964
187.0736046133753
187.1088941937532
187.1492292181044
188.0907713915302
188.1261567765449
188.1640733823448
188.1994656614899
189.085354305369
189.1259017911906
189.1639190071419
189.1968703514383
190.0698562936585
190.1054273447315
190.141001724005
190.1791208236536
191.0671037835939
191.1027680242888
191.1384355931843
191.1792026044128
191.2097807155777
192.0822847884024
192.123152324879
192.1946809737729
193.0796693863654
193.1180819110626
195.0615957608173
195.0950568122717
196.0924808744946
196.1311919184254
196.1699067829952
197.0769253298476
198.0742090368286
198.110521325762
198.1468369428959
198.1831558882307
199.0714095505466
199.1442200321995
200.1284645251235
200.1623573596878
200.201468042422
201.0890016312574
201.1255892099412
201.1621801168258
202.1042322860867
202.1409121034779
202.17759524907
202.2142817228628
203.0694935355054
203.1036344908342
203.1430314667584
203.1798054246862
203.2165827108147
204.0844397036221
204.1212987683985
204.1581611613756
204.1950268825535
204.2292623180311
205.0808026510591
205.1177515772566
205.1573434057524
205.191659414254
206.1007564708294
206.1377971602772
207.0595924444628
207.0967191916736
207.1338492670852
207.9887595849698
208.0897657698992
209.0745287411266
209.111835686637
210.0723002777065
210.1096961337238
210.1470953179417
210.1844978303604
212.0910714898078
212.123278517528
212.1608564736738
212.1984377580203
213.0906263711992
213.2036269711566
214.1033170367202
214.1410699611358
214.1788262137522
215.0697588452019
215.1021912396609
215.1400321236686
215.1805796212467
216.1196449001167
216.1575751700883
216.1955087682607
216.2307358038047
217.1177751887916
217.1557929428982
217.2318384357137
218.1018752628891
218.1372572635369
218.2107521267228
219.0991115965731
219.1373024171204
219.1727683020126
220.1861196571904
221.0784869600095
221.1113692728767
221.1497350616939
221.1881041787117
222.0989756809549
222.1813755515663
222.2198340545483
223.0915353060552
223.1273197303275
223.168613016571
224.0863078620455
224.1635572126303
224.1966681525147
225.1468881862916
225.2021953465357
226.0658665064207
226.10465973131
226.1434562844001
226.1767131217391
227.1811105339708
228.1209268694207
228.1598960134945
229.1631028533307
230.1014147466743
230.1349613412492
230.1741021253918
230.2468009830057
231.1340909836068
231.1761185966001
231.24897550979
232.1859275000331
232.225242301531
233.1135189046729
233.1529121566179
234.2008662771951
235.0929097244003
235.1268182098684
235.1663812000535
236.0715855627002
236.1508736739943
236.1961871433391
237.0749936424353
237.1033694081664
237.1459362406284
237.182830585901
238.0691557896881
238.1772185753499
238.2113487597437
239.088193630622
239.1793867709797
240.083708125909
240.1579553100735
240.195083206742
241.195759118387
242.0666056336014
242.1354235099817
242.1755717880476
243.1774866172103
244.221787243261
244.2621081123103
245.2654392894498
246.0279588411068
246.132030475297
246.1667259104445
246.2419077416884
247.0291135512716
247.1276026106353
248.0264964995266
248.2529267512875
248.9909925161868
249.1073231913283
249.1451365105716
250.1263755258755
250.1788401714531
251.0832612509328
251.1241445859146
251.1621106627816
252.1590149627337
252.1941326039235
253.0992540097346
253.1784193119877
254.0941163631537
254.1763751313764
254.2086947183774
255.211621024075
256.1899741745069
256.2194716797472
257.1908865347081
258.0990013070639
258.2766699781155
260.2528974266132
261.1515066106595
262.1590713937407
263.1237344696269
264.156058827711
265.1393892135963
266.1726496229269
266.2448125448628
267.1597228083228
268.1908726354694
269.1877245776564
270.1682510014062
270.2046010278007
271.2051849698264
272.1832948206878
272.2197801486325
273.187532312105
273.2240848832902
274.1631043484779
274.1997221252294
274.2729650143587
275.1648702498098
275.201554862267
275.2749314228073
276.1807132047911
277.1800187911672
278.1565402882491
279.0916756882632
279.156331803696
280.1517478114225
281.1396654350314
282.1664678155833
283.1703325341473
284.1821930447965
285.1834096427893
286.1988572746594
286.3048667772687
287.2036169801154
287.3098123865115
288.2163944845352
288.3227769493998
289.2184182456725
289.3249854596419
290.1907869214509
291.1962339748235
292.2097202227363
292.2853300739254
294.2040420892227
296.1797736031704
298.1621169615498
299.1621429727819
300.1766145170358
300.2851816400643
301.1800102976009
302.1914873846343
302.303622378089
303.1982422707053
303.3073544035928
304.209885609728
305.2103356282554
306.2221025130178
307.222623012859
308.2053633667533
310.1236244291392
312.2106270437807
314.1576245650074
315.1612006940888
316.08446260589
316.1729308576181
316.3138502958273
317.1731541705537
318.1913932642237
319.1915092714209
320.0481166647808
320.2063850888854
321.0445401076622
321.2096603057742
322.0425122506679
322.2178128023692
323.2209185814448
324.202355665209
328.1596733692763
329.1586047146402
330.1490086505424
330.3365497290991
331.1476073913516
332.1678659413856
333.172874700246
334.1827704007836
335.1840725523588
336.197009481266
337.2047065041829
338.2139114737446
346.1772357947257
348.1619132890455
350.1764030935581
351.187553947698
352.1932456251498
353.2003752381657
354.2124111337807
358.3657317193252
366.1734930685918
368.1863162321586
388.1240659398948
389.1267550773596
390.1234578409434
391.1214354412726
392.1206878783471
394.0644828214225
402.1759367841718
404.1666948281982
406.1400841326482
408.3118946208505
409.3104860221306
418.3677687595248
444.3999680028124
445.4028347823505
450.3559030215544
460.3718817941383
462.1410546996056
462.3867112724068
463.1439022819063
464.1398962732738
464.3662272315454
465.1409345656891
472.370630053748
474.383421515846
476.3683140553464
478.3815342845367
480.1566796776643
488.3646908073428
490.3867523810197
491.383009229718
492.3966341113393
493.4031163749583
494.3778455236263
504.360124347136
506.3818232409779
507.3775848121255
508.3909450808875
509.3928383917474
510.3790646010335
512.3668925078322
520.3610437728526
522.3724096207953
523.3795474694377
524.3876552678606
525.3882848264012
526.3814119986229
536.1594170900783
536.3557243085876
537.1583968811743
538.1583064628938
538.3720829187988
539.1591458352364
539.368841045744
540.3836566356125
541.3865622093402
542.3861057007297
552.3499488599449
554.174849600855
554.3614102865591
555.3685119468994
556.3765275719285
557.3767555872278
558.3953007160535
568.3418919022629
570.3602317938039
572.3733313208779
573.3790045848439
574.3767272930864
586.3545735937623
588.3688586081948
610.1802381986548
611.1821318752623
612.1757281161176
684.1955060140382
685.1985136582637
686.1974285102727
687.1970709647075
758.2187762509152
759.213694640443
760.2092653573245
