18.03301430313286
35.06050335592527
36.04500581806452
36.05385741794202
37.02856070261929
37.0420184289861
37.05099160495608
38.04922211339856
39.0227236454791
40.99953715051322
44.0502191326437
45.04525134906636
46.0288892876312
47.05980520001705
48.04464109884997
49.06419802324249
50.04751589903563
50.0605536331991
50.07098504308274
51.05507299415799
52.08730020756192
53.07077210229586
54.05531233842986
54.06750697238605
54.07428236332493
54.08512387178199
54.09325571628062
54.16240107480542
54.17460778147135
54.20445218791215
55.03933063218501
55.05163575435819
55.05983993323586
55.07488251546572
56.04877926553132
56.05981692580684
56.9741669479551
57.05348051656773
58.0263904145374
58.06570257618239
58.97214130289707
59.01035685441012
59.0599139554902
60.04399979800543
60.05542405667111
61.0390961668915
61.07653536618883
62.02350217955202
62.04237066746423
62.05979028021451
63.05528662478144
63.06699383652046
63.08602037335289
63.17094296083712
64.05870390647183
64.07492917277894
65.05963684464365
65.0700421252856
68.05729320539804
68.99393791686714
69.06589923350917
70.04027703238268
70.06495530386566
70.09735213187865
71.0603108452813
71.0820607516786
72.0439155648967
72.06581547174105
73.05003061312891
73.07523349563888
74.0599505572307
74.09643062132852
74.98422112313787
75.05445099075493
76.03790691260218
76.07487085294402
76.98248481491792
77.02129489218974
77.07143905069834
78.06635094114283
79.04961940483584
79.0692819946129
80.04893377329087
80.07036923172436
80.08191259024316
81.06613907974445
82.06639308477484
83.04926718171637
84.04474957411792
85.06485776725893
85.07505592989243
86.03470325387373
86.0603447300575
86.09624921511738
87.05474502444493
87.06506177470834
87.09085632470126
88.0496696666596
88.07560964950616
89.07111665987038
90.05472946449626
90.06522246613396
90.09145764456258
91.05077708093178
91.085949021921
92.0452306695088
92.06998438834516
92.10712120671336
92.99531989664251
93.06641768623354
93.10197676896976
94.05034156260392
94.0860881034492
95.04482894964036
95.08974878306972
96.04635258416252
96.07705741028715
97.02771050310798
97.06220284335843
98.05967251512284
98.09617296358071
99.05490482453273
99.08058374422474
100.038572844858
100.0754397195834
100.1123133862693
101.0715600240366
101.1067637372472
102.0539960166692
102.0912323740444
103.0505370462652
103.08608370254
104.0444010019855
104.0707186716004
104.1064408321338
105.0657004028882
105.1015929057903
106.0597222858206
106.0862936011993
107.0450774432134
107.0832133957533
107.0870273645652
107.1175415601655
107.7172623775018
108.0464815617505
108.0656376637076
108.0809637678262
108.1001229261655
109.0486991420662
109.0602457805321
109.1006638289649
109.1333886860139
110.0439442655359
110.0632766188673
110.1174162415026
111.06701455688
112.042145569519
112.0714068210372
112.1104277660268
113.0568056393632
113.0959977417567
114.0229029285308
114.0543897328709
114.0898175836034
115.0603091353583
115.0879848914296
115.1235728965899
116.0428513456384
116.0706450101435
116.1063846118616
117.0295708832882
117.065457802629
117.1013502234578
118.0484972296804
118.0845400245141
118.1225911652739
119.0456999856961
119.0818946827257
119.1180948812434
120.06526954205
120.1016188920197
121.0709366259867
121.0952701828207
121.1317751026451
122.0461860818474
122.0543295971906
122.080797898335
122.1154146220141
123.0417002121262
123.0866752047533
123.1152999335419
124.0699935096566
125.0551631869518
125.0695891214153
125.0943212304898
126.0566425857339
126.0752644858461
126.0897491368078
126.1269992026157
127.062116081772
127.1098975266205
128.069498189449
128.1049537542064
128.1425002890889
129.07038967611
129.1080774158507
130.0499573443614
130.0856859798896
130.1214195226092
131.0543236885525
131.0838603059544
131.1176205153043
132.0392593516307
132.0646712001095
132.1006755043334
132.1366847157488
133.0278823021304
133.0618919122689
133.0661434191744
133.095905869262
133.1341767667291
134.0543287523334
134.079933764168
134.1183458664933
135.0397452833643
135.0568776414511
135.0761528432614
135.1147073729978
136.0201733175111
136.0696102517853
136.1104562333402
136.1276563751926
137.0235612429648
137.0559203925544
137.0925987139558
137.1314399323439
138.0176463899341
138.0566184214809
138.0912648458333
139.084861843276
139.1109428357007
140.0689343726445
140.0907451123527
140.1038323712129
141.0652307555304
141.0958746662482
141.1265219050267
142.0496829639681
142.0848268315056
142.1221719536265
143.0551907196813
143.1036853741453
144.0642447107769
144.1018490480692
144.1372458482148
145.0679665317884
145.1034817837247
145.1345611949481
146.0462198452172
146.0796273339059
146.117493772953
146.153137257103
147.0501064137087
147.081393591003
147.11715444023
147.1484487490828
148.0596737411543
148.0955533138504
148.1314372334011
149.0659448877211
150.0507919297557
150.0733664254192
150.1094891503001
150.1456162220358
151.0411463999132
151.0728552900333
151.1090980967756
152.0665713731076
152.0847517306956
152.1074787058718
152.1256615085655
153.0498657701293
153.0886250293604
153.1273891957831
154.0317547633622
154.0866503764629
154.1209651012719
154.157571685417
155.1039833626391
155.15906969399
156.0648018606085
156.1016385563744
156.1384795989951
157.1024920163771
158.0439863990932
158.0787389506544
158.1158125500016
158.1528904962036
159.0510374211487
159.081251879032
159.1184428434563
159.1556381547352
160.0589552699858
160.0962603393459
160.1312377896983
160.1662190605282
161.0630403900464
161.1004622811268
161.1332100016014
162.0491514781246
162.0749571952175
162.1124964513748
162.1453468662918
163.0759227451776
163.1159313176184
163.1465294193891
164.0563652432158
164.08941201371
164.1248229609396
164.1625988489997
165.0492160644178
165.0918337486683
166.0688092678278
166.0925580934572
166.1210589255593
166.1424361542367
167.0772497664794
167.1058349547306
168.1030783292022
168.1365301722192
169.0841178745033
169.12006368862
170.0824313789395
170.1160795775338
170.1521349120132
171.1198410804388
171.1511808642932
172.0588656176005
172.0951262390853
172.1313906810478
172.165240940466
173.0562126713262
173.0998517985124
173.1337971453773
174.075892415595
174.1099333253437
174.1488412973757
174.182889338683
175.0449243860098
175.0741832009008
175.1156373742089
175.1473409354662
175.1814864414062
176.0557664652475
176.090000402513
176.1266833141401
176.163370046245
177.0597101992557
177.1308289391734
177.1627143891322
178.0714264603984
178.1058558023667
179.0712285700941
179.1106869626028
179.1452166218272
180.0639380844905
180.098559503101
180.138130913832
180.1579182492681
181.0891488277885
181.1585918240845
182.0078627400482
182.1172698582299
183.1034132108561
183.1707472213518
184.0822180312945
184.1322270099383
185.0836880766608
185.1363403136957
186.0778195898393
186.1105003613897
186.1482125097271
187.1149443034353
187.150237039419
188.0538533743751
188.0892345416841
188.1246190370537
188.1625346895069
189.0559192557788
189.0964627318929
189.1294075069469
189.1623551516042
190.070810215041
190.1063806063687
190.1419543257571
190.1775313732063
191.0731337720975
191.1138929608762
191.1495608168369
191.1775878955423
192.0832012621352
192.1240680355678
193.0908099832343
193.1266618334042
193.1573946395572
194.1113244027627
194.1370001075785
195.0650301189984
195.1396770276836
195.170569580747
196.0933219926589
196.129451498173
196.1655843317476
197.0906831622445
198.1113241612612
198.147639087296
198.1839573413917
199.1189983907965
200.1266218702333
200.1605138351151
200.19701608342
201.1315613763022
202.104958664135
202.1416377750905
202.1783202141066
202.2150059811833
203.112220531095
203.1489909259992
204.0851278355716
204.121986186364
204.158847865217
204.1904462388127
205.0656375285729
205.1263375709005
205.1606502637738
206.1014054347898
206.1384454026052
207.1079567721097
207.1450870729994
208.1329112999132
209.1603957650736
210.1476650095696
211.1372588025378
212.0916027847125
212.1238091746099
212.1613863864988
212.1989669264485
213.0965180406111
213.1664667549566
214.1038083771679
214.1415605499586
214.1793160508099
214.2116805575471
215.0648258680254
215.1134737943825
216.1200959944599
216.1526068000257
216.195958344278
216.2284748550906
217.1290679411828
217.1942435939778
218.1022865890822
218.1349461385824
218.2084390648757
219.1431488844541
220.1153976969902
220.153676178798
220.2247736174182
221.1226809359255
221.1555658426741
222.1762107243455
225.1416263584289
226.1437042727945
226.1769604281028
226.2157623663043
227.1813372173298
228.1211342124542
229.1632887009158
230.1351270978901
230.1742670719644
230.2078182700355
230.246964424794
231.1146248679376
231.2042827309266
232.1186630552802
232.1523556619683
232.1860507137623
232.219748210662
234.0937929088075
234.1332680661313
234.1840267300447
235.1381832200827
235.2060077374624
236.0716276492661
236.1112692096215
236.1509140980373
236.2018909876409
237.0750146687031
237.148793641238
238.1772164156476
239.179363483453
240.1207871078008
240.1550555368979
240.1950384611866
241.1956931881095
242.0665212317963
242.2098998005808
242.2443169736124
244.1525447145392
244.1870996285291
244.2245368779188
244.2590968858791
245.1902557552473
245.2248840224102
246.0277900048376
246.1665541043488
246.201251241991
246.2417343262489
247.0289232706402
247.1737638089167
247.2085318546263
248.0262848136254
248.1104565469401
248.2120621391195
248.2585173376297
249.0256556901969
249.258355501082
250.0212081152629
250.1261186386227
250.1785821525347
251.1705930343233
253.1956899939451
254.2083494402366
254.2436087484472
255.2112539276227
256.2249821936004
256.2574310762928
257.0279572842028
257.1934316286217
258.0275223768616
258.0985711737175
258.1696297509963
258.2051627072943
259.0290273213512
259.1002138591654
259.2426162760631
260.0146425761695
260.1632407665781
260.2583658860698
261.2224869857853
263.0544456176183
263.2338077100312
264.0357046900928
264.2393650664099
265.0427910526134
265.168811634384
266.0337596514299
266.2442028304015
267.2494630271822
268.190219646984
269.1930963976675
270.0645777373323
270.2766088766627
271.064881546222
271.2105343237239
272.1825526169859
273.2598735221582
274.2721758839088
275.2741197361665
277.2221185260168
278.2417268638095
279.1585113835862
279.2385708140514
280.0644677298034
281.0645685609314
281.2314253296577
282.0416925519852
282.2397975574174
283.0453143354231
283.2437714360861
284.0382953354906
284.2184592754298
285.2944171246643
286.3100407890237
287.3149742924602
288.2528319676474
288.3216683399711
289.2548978940446
289.3238538048727
290.2618421771854
291.2705360863243
292.2778291055018
293.2553023051807
294.2059586459789
294.2723409160106
295.2088114464553
296.184826400893
296.248259689413
298.071689769528
298.268980407572
299.2691643835785
300.0666862882733
300.2901825964813
301.2873494364788
302.2477224606361
302.3021893510153
304.2501934526355
305.2539082858866
306.2657260072295
307.2662966268912
308.2879125775802
309.2917783168653
311.2068696618501
312.2154727935658
313.2517998702897
314.1069192299163
315.1136645453562
315.2772491965498
316.089256507778
316.3186411061184
317.0860449902675
317.2895300321023
318.0778294166307
318.2947832104181
319.0777460044358
319.3082122224817
320.0462632344145
320.224313697358
320.3100593571316
321.0492666324156
321.2474132499104
322.0406109963324
323.0401078296528
323.2653737039149
324.2833602771016
325.2830050761071
326.3008322108476
327.3002454238072
328.1609630341993
328.3145430370408
329.3170330080946
330.1402151205627
330.334448402864
331.1387795308943
331.3400151320126
332.1187012662159
332.2866412620631
333.1202510827737
333.2884440791487
334.1165718255549
334.2984935022096
335.3033222056058
336.3164178229392
337.0704757396048
337.3175032618319
338.0557404753386
338.3336348854972
339.0594093043171
339.2698256776545
340.3092883308055
341.3162944574822
342.3247882951812
343.3347698439023
344.3393998597996
345.3454975504355
346.3324856866985
347.0667847630284
347.300276244781
348.3175656712932
349.288123885349
350.2945220409889
351.2954599924373
351.9451068467099
352.2494030675238
353.2877647778189
353.9392503516311
354.2652181901476
355.2995973551721
355.9390273802476
356.2728712553763
357.3519773139939
358.3629408782975
359.368345551224
360.3121915280488
361.3203249390151
362.3228511677654
363.2565172636577
364.3109657323348
365.3035406975422
366.2763045667793
367.3068686536237
368.3105869280291
372.097392060176
372.33915533475
374.1049801149701
374.3402636441661
375.3321182993105
376.3538849974491
377.3269237146718
378.3227246346905
380.275138696579
381.2820165004223
386.394330316129
387.1191524907177
388.1277834919908
388.3383827501688
389.1231859050334
389.3485998100516
390.1198631011374
390.3455654607168
391.1178150803027
392.1097435979945
392.3433211112313
393.1029283566954
394.0644449629081
395.063763453387
396.0606799868506
397.0588527613236
402.1794225331661
404.155328163786
405.1562245710006
406.1360757151078
407.1394202844752
408.1365567868837
408.3078297109195
409.3138516711058
410.3211114660884
411.2623374101329
419.1063205057616
420.1066647407213
420.2577636743386
421.1006381563687
422.095786054801
422.2851105381994
425.3124744767623
426.3163887217918
435.1049902804702
439.2895510581918
440.2943507484536
442.315144989155
444.4027209322349
445.4055696884428
448.0970614318894
449.0923517124231
450.0848365255697
462.1434848378968
463.1423480377162
464.1343492406222
465.1353604658609
466.1294926463655
467.124686070694
468.081070176239
469.0863261050955
470.0766783445101
471.0840737409159
475.3815518010128
476.3946125074889
478.1740931013543
479.1739875018777
480.1587737749488
481.1607399950949
482.1556575752538
493.1266463167225
494.125659981076
495.1174835289056
512.1473102677652
522.1125839775606
523.1152353819615
524.1019732003177
536.1604182623914
537.1593779419418
538.150717370111
539.1515286060057
540.1447037652521
541.1473665574916
542.1037608480834
543.1039448152949
544.0964534992657
552.1947159516756
553.1911586438586
554.1798231715798
555.1737124460286
556.1771841182996
557.1772119468187
596.1317891166499
597.1310722972321
598.122178489434
610.1796973311795
611.1815694599277
612.1751443146749
613.1695261222461
614.1647148826413
615.1698519067892
616.1300675269232
624.2346503141431
626.2160367395152
627.2125224813549
628.2005627486161
629.1986255836777
630.1882283414462
641.1625103787707
668.1692614818504
669.169970091132
670.1523451388524
671.1497629951712
672.1479225505535
673.1420426072502
684.2029708500717
685.2011390029367
686.2000347275872
687.1948271770434
688.1951745304262
689.196249455595
690.183527879932
698.2435340226899
699.2470151555016
700.2414638525111
701.236619185088
702.2227143706634
703.2095024041272
715.1838505307757
716.1797004658225
717.1762432487577
718.1833559635872
744.1638085678826
745.1695666035409
746.1659361009091
747.1629712783235
759.2199374458783
760.2154912853857
761.2167817816822
762.2187312509637
763.2162486462443
764.2144183414085
772.2642271702346
774.2525025111576
776.233065501716
789.2046306827004
790.2041061407447
791.2042140831281
818.1878986561926
819.1897322404524
820.1816235378843
832.237451644135
833.2372085751522
834.2375656437969
835.238522850069
836.2347511736673
837.2315732674306
838.2236537775539
